cb837d0c-5115-479d-ac0e-ab1650fe9078: [{'lowlevel': {'average_loudness': 0.870408952236, 'barkbands': {'dmean': [0.000104190294223, 0.00361987994984, 0.00231770868413, 0.000835104903672, 0.0015993216075, 0.000829015625641, 0.000653945258819, 0.00071391579695, 0.000631228787825, 0.000514835468493, 0.000524411909282, 0.000512687431183, 0.000383818929549, 0.000410794367781, 0.000445889541879, 0.000425936945248, 0.000309137918521, 0.000241341054789, 0.00023180070275, 0.000169823542819, 0.000192977764527, 0.000125832957565, 6.96972638252e-05, 4.53926659247e-05, 1.85254575626e-05, 1.46964903252e-05, 4.20161813963e-06], 'dmean2': [0.000156929469085, 0.00584195461124, 0.00412205327302, 0.0014351537684, 0.00275326822884, 0.001376483473, 0.00111283175647, 0.00123593013268, 0.000994632719085, 0.000808243523352, 0.000804416369647, 0.000790827383753, 0.000605867709965, 0.000640792306513, 0.000734607805498, 0.000698314281181, 0.00050872110296, 0.000399817101425, 0.000384274229873, 0.000278151070233, 0.000326545035932, 0.000200019756448, 0.00010400517931, 6.51869631838e-05, 2.65519920504e-05, 2.28190710914e-05, 6.80016819388e-06], 'dvar': [5.50751799722e-08, 7.9728779383e-05, 3.50059053744e-05, 3.22135861097e-06, 2.2106050892e-05, 3.5052325984e-06, 3.31720912072e-06, 4.68483494842e-06, 3.09936194753e-06, 3.66274957742e-06, 2.44458601628e-06, 2.35898642131e-06, 1.24608607166e-06, 2.67250266006e-06, 1.59038108904e-06, 1.08093286144e-06, 4.4238865371e-07, 2.10240145293e-07, 2.53680326523e-07, 1.33239694833e-07, 1.79960963465e-07, 9.69025748532e-08, 2.38739570335e-08, 1.17327561e-08, 2.140646993e-09, 1.10029740874e-09, 9.11930878034e-11], 'dvar2': [1.31502204681e-07, 0.000192331368453, 9.77911113296e-05, 8.50777450978e-06, 6.13968295511e-05, 9.57676002145e-06, 9.33174851525e-06, 1.31718252305e-05, 7.38671951694e-06, 8.76245303516e-06, 5.06611286255e-06, 5.25153291164e-06, 2.82448445432e-06, 5.64367974221e-06, 4.06846356782e-06, 2.55289660345e-06, 1.0953376659e-06, 5.23778453498e-07, 6.41245321731e-07, 3.36731318384e-07, 4.82417476633e-07, 2.4792021236e-07, 5.17572473768e-08, 2.44138185224e-08, 4.55784121556e-09, 2.58051779944e-09, 2.21458948402e-10], 'max': [0.00408092467114, 0.0982836037874, 0.0782182738185, 0.0270673576742, 0.0505909174681, 0.0398478284478, 0.0316491164267, 0.0321504473686, 0.0551952905953, 0.103728584945, 0.054372407496, 0.0559939742088, 0.0451294854283, 0.0914383903146, 0.0380512736738, 0.0222911648452, 0.0189331881702, 0.00931248907, 0.0138452528045, 0.00799484271556, 0.00756445713341, 0.00590331619605, 0.0045662317425, 0.00332669168711, 0.00187472742982, 0.00050058303168, 0.000112798494229], 'mean': [0.000159282004461, 0.00468711787835, 0.00260430970229, 0.00113130721729, 0.00208397582173, 0.00145704031456, 0.000995723297819, 0.000919683428947, 0.00114707194734, 0.000837255793158, 0.000906630244572, 0.000886232941411, 0.000609034847002, 0.000629896472674, 0.00068382662721, 0.000693860056344, 0.000527953670826, 0.000380145123927, 0.000395472481614, 0.00028371924418, 0.000284667185042, 0.000209639692912, 0.000141886484926, 9.94701913442e-05, 3.75194795197e-05, 1.91862436623e-05, 4.35121819464e-06], 'median': [4.97440851177e-05, 0.00169224629644, 0.000941510079429, 0.000467966077849, 0.000984928570688, 0.000576414866373, 0.000488872174174, 0.000379467383027, 0.000612948904745, 0.000334357144311, 0.000433731242083, 0.000485806434881, 0.000278329884168, 0.000282374589005, 0.000408858293667, 0.000401494558901, 0.000319606391713, 0.000226879215916, 0.000231383863138, 0.000132039800519, 0.000107168700197, 6.41844671918e-05, 4.22052471549e-05, 3.15039069392e-05, 1.45509766298e-05, 4.69591668661e-06, 5.41041458746e-07], 'min': [1.90984975439e-25, 2.51923361171e-24, 1.23405021835e-24, 9.78581657104e-25, 7.68777847638e-24, 6.59788351656e-24, 6.17039545328e-24, 5.58449149847e-24, 1.33727022233e-23, 1.4118021162e-23, 1.21541550939e-23, 1.41590229964e-23, 2.67312901472e-23, 2.22084650099e-23, 4.07226470691e-23, 3.01019539557e-23, 4.7869774202e-23, 7.87031252792e-23, 9.71728960471e-23, 1.63652779372e-22, 1.87366720733e-22, 3.07611273903e-22, 3.71071940419e-22, 5.60989660615e-22, 8.37122582365e-22, 1.29934806934e-21, 1.80918677717e-21], 'var': [7.81376030545e-08, 8.18201442598e-05, 2.70067521342e-05, 3.33309299094e-06, 1.67862508533e-05, 5.36250763616e-06, 3.01158274851e-06, 3.98586007577e-06, 5.61221986572e-06, 6.27028111921e-06, 5.85723228141e-06, 4.07059906138e-06, 1.96679820874e-06, 4.36090249423e-06, 1.75791058155e-06, 1.6640353806e-06, 7.68592997247e-07, 3.05929177102e-07, 3.39834457463e-07, 1.95169363337e-07, 2.10573517734e-07, 1.44465857943e-07, 6.43940651912e-08, 3.51791342723e-08, 4.54429427421e-09, 1.56673773954e-09, 1.00219617327e-10]}, 'barkbands_crest': {'dmean': 2.24896740913, 'dmean2': 3.59824705124, 'dvar': 5.2618932724, 'dvar2': 13.5440692902, 'max': 26.9170303345, 'mean': 8.09945106506, 'median': 7.31273174286, 'min': 1.80246758461, 'var': 12.8153924942}, 'barkbands_flatness_db': {'dmean': 0.018304945901, 'dmean2': 0.0268113315105, 'dvar': 0.000487988523673, 'dvar2': 0.00121262774337, 'max': 1, 'mean': 0.103349328041, 'median': 0.0969515144825, 'min': 0.0097047900781, 'var': 0.0025783739984}, 'barkbands_kurtosis': {'dmean': 14.5094013214, 'dmean2': 27.627954483, 'dvar': 416476.90625, 'dvar2': 1271759.625, 'max': 41430.8320312, 'mean': 8.48772525787, 'median': -0.0616743564606, 'min': -1.89665448666, 'var': 222142.140625}, 'barkbands_skewness': {'dmean': 0.46968460083, 'dmean2': 0.720376133919, 'dvar': 4.28264474869, 'dvar2': 11.8829221725, 'max': 168.050338745, 'mean': 0.955268085003, 'median': 0.827575802803, 'min': -2.43942022324, 'var': 4.64336252213}, 'barkbands_spread': {'dmean': 5.01335191727, 'dmean2': 7.62949848175, 'dvar': 29.1443996429, 'dvar2': 65.9412612915, 'max': 106.858818054, 'mean': 28.1201629639, 'median': 26.9703407288, 'min': 0.00306499283761, 'var': 148.759521484}, 'dissonance': {'dmean': 0.0123443361372, 'dmean2': 0.0206439048052, 'dvar': 0.000410117267165, 'dvar2': 0.00121273123659, 'max': 0.500000178814, 'mean': 0.476712942123, 'median': 0.483462750912, 'min': 0, 'var': 0.000646979315206}, 'dynamic_complexity': 2.75500607491, 'erbbands': {'dmean': [0.104917123914, 0.860375106335, 2.36898255348, 3.1932618618, 3.2008330822, 6.73973655701, 5.69543600082, 7.43657064438, 8.39935016632, 10.9683551788, 16.57604599, 13.8263311386, 13.3890314102, 18.6780090332, 20.5352993011, 18.677854538, 17.4802265167, 17.7216186523, 21.4734382629, 23.2867660522, 21.8669986725, 15.1053276062, 12.8852291107, 12.239397049, 10.2179222107, 7.83740663528, 8.8051700592, 6.38921499252, 4.74029684067, 3.12236690521, 1.85528349876, 1.24093091488, 0.595214724541, 0.257804751396, 0.110844165087, 0.0577768199146, 0.028628975153, 0.00737814325839, 0.000688906526193, 3.54788244294e-05], 'dmean2': [0.164721816778, 1.43049621582, 4.22383546829, 5.45685863495, 5.62727451324, 11.6409807205, 9.34600162506, 12.3961114883, 14.4076890945, 18.6313724518, 28.4341945648, 21.9048213959, 20.8856468201, 28.1056957245, 31.4873352051, 28.8615207672, 27.3667297363, 27.0129165649, 34.327671051, 38.1522941589, 35.5596961975, 24.662946701, 21.111164093, 20.341424942, 16.8702850342, 12.7915945053, 15.0113191605, 10.6062173843, 7.68209934235, 4.8346414566, 2.7326540947, 1.80611038208, 0.856789529324, 0.373441964388, 0.161566406488, 0.0881385952234, 0.0454245842993, 0.0118541261181, 0.00111126049887, 5.43277637917e-05], 'dvar': [0.0651489272714, 4.68656396866, 36.7168235779, 56.5134468079, 73.3737945557, 408.259796143, 176.919586182, 309.944366455, 566.991943359, 882.008300781, 2542.66601562, 1539.12719727, 1940.73083496, 4860.11132812, 3139.08740234, 3125.67651367, 2146.40014648, 4357.98779297, 4907.18896484, 3297.83862305, 2508.47729492, 1039.12487793, 604.002075195, 625.972839355, 605.539978027, 291.866821289, 377.030273438, 204.546386719, 146.718704224, 51.7579536438, 16.9382858276, 8.3774061203, 2.53394818306, 0.488613933325, 0.0616446994245, 0.0146870613098, 0.00484575517476, 0.000295182311675, 2.39476094066e-06, 4.18000833946e-09], 'dvar2': [0.155638188124, 11.6322412491, 103.011329651, 150.812515259, 207.40687561, 1129.16882324, 480.812927246, 844.859375, 1572.73205566, 2500.80249023, 7023.57910156, 3668.48046875, 4519.79199219, 11435.8007812, 6120.23339844, 7083.11962891, 5232.60302734, 8467.6328125, 11771.2392578, 8002.46875, 5879.81591797, 2503.14331055, 1453.68603516, 1611.54077148, 1487.59838867, 731.876586914, 1010.98754883, 544.241149902, 381.986022949, 126.114402771, 35.962223053, 18.2560329437, 5.25245857239, 1.06215333939, 0.129573851824, 0.0338915362954, 0.0114628542215, 0.000714526104275, 5.76601360081e-06, 9.31652621716e-09], 'max': [3.03377509117, 20.7571048737, 78.9382476807, 95.1149215698, 86.14793396, 233.398635864, 320.882843018, 260.815032959, 503.981872559, 481.513061523, 958.562011719, 1200.75256348, 1537.07995605, 3856.62548828, 2344.05810547, 2227.49169922, 1338.69628906, 3246.95166016, 2728.1262207, 1380.99645996, 1349.83825684, 1290.85778809, 604.67779541, 572.617675781, 937.622375488, 366.756103516, 332.782653809, 213.034744263, 226.798156738, 174.533294678, 127.253334045, 85.5779418945, 67.2739639282, 28.0615215302, 8.26554965973, 2.1792576313, 1.20541071892, 0.249506622553, 0.0200748927891, 0.000897610734683], 'mean': [0.131818950176, 1.05588209629, 2.7634806633, 4.03269338608, 3.98134875298, 8.38540744781, 10.2202711105, 12.200422287, 12.8593387604, 17.1586170197, 22.6694259644, 24.6244163513, 23.5181503296, 33.6916923523, 39.6432533264, 34.1295051575, 30.7897090912, 30.1227550507, 35.4153022766, 37.2117576599, 38.5315093994, 27.8802547455, 22.0573654175, 20.6116886139, 17.7240314484, 13.4314804077, 12.5637655258, 10.0441131592, 7.600918293, 5.75480508804, 3.84038686752, 2.65288448334, 1.26793026924, 0.532511174679, 0.21676966548, 0.0892398282886, 0.0340227037668, 0.00777633860707, 0.000735478010029, 5.78657127335e-05], 'median': [0.0397950783372, 0.383042782545, 1.18165397644, 1.62688028812, 1.98912787437, 3.46099328995, 3.89943099022, 4.85084056854, 5.32398843765, 9.0026845932, 9.65686988831, 13.0426044464, 13.2746658325, 14.991071701, 21.1722602844, 19.8793487549, 15.7008924484, 14.4359149933, 20.1484298706, 22.3349208832, 23.5492706299, 17.7509117126, 13.7804880142, 12.322517395, 10.0541210175, 6.63100337982, 5.01097679138, 3.62077569962, 2.29059314728, 1.85665774345, 1.16588497162, 0.796734809875, 0.420813918114, 0.203285336494, 0.0764533802867, 0.0271545406431, 0.00672969454899, 0.0011649786029, 0.000108896165329, 3.03209180856e-05], 'min': [6.81298016855e-23, 8.96622788484e-22, 2.95120735582e-21, 5.59050097773e-21, 9.19701571861e-21, 1.85376732893e-20, 2.57161162817e-20, 5.84077335779e-20, 1.43490322926e-19, 1.24761738936e-19, 2.39592476685e-19, 3.31609960881e-19, 4.56965537948e-19, 5.58120265985e-19, 8.83198007418e-19, 7.91016121076e-19, 1.38551284357e-18, 1.37621533349e-18, 2.24913717276e-18, 2.72550428367e-18, 2.28060808634e-18, 4.30204725188e-18, 5.31448033929e-18, 6.34815749278e-18, 6.95507521105e-18, 9.2612952907e-18, 8.00156208351e-18, 9.75447112525e-18, 1.15209202864e-17, 1.09111070224e-17, 1.15077416449e-17, 7.60582068049e-18, 9.20365238253e-18, 8.38262847528e-18, 6.33783800105e-18, 4.34037135684e-18, 2.3275549288e-18, 9.39312182415e-19, 2.38793859653e-19, 2.61008764355e-20], 'var': [0.0711336955428, 4.40740251541, 28.1717071533, 49.8205299377, 53.5356826782, 314.921264648, 302.613739014, 439.877624512, 572.90234375, 806.815124512, 2502.67016602, 2408.32739258, 3116.64208984, 10698.4257812, 10798.0380859, 4851.59863281, 3480.92382812, 8578.71777344, 6176.43896484, 4395.66650391, 4337.23388672, 1847.78344727, 1001.04785156, 848.812561035, 820.549194336, 419.488830566, 413.988067627, 275.329437256, 193.810516357, 100.93536377, 48.5521202087, 25.1563339233, 6.0545091629, 1.00998675823, 0.142478197813, 0.0262807104737, 0.00617799442261, 0.000326414883602, 2.71633871307e-06, 6.00113159166e-09]}, 'erbbands_crest': {'dmean': 2.0971364975, 'dmean2': 3.35629534721, 'dvar': 6.02773809433, 'dvar2': 15.0328216553, 'max': 35.7714042664, 'mean': 7.46106243134, 'median': 6.13848400116, 'min': 2.16398310661, 'var': 17.4572105408}, 'erbbands_flatness_db': {'dmean': 0.0178569070995, 'dmean2': 0.0241672508419, 'dvar': 0.000390140194213, 'dvar2': 0.000765083008446, 'max': 0.373698979616, 'mean': 0.150800690055, 'median': 0.145540133119, 'min': 0.0362711958587, 'var': 0.00172591616865}, 'erbbands_kurtosis': {'dmean': 0.897817969322, 'dmean2': 1.41411948204, 'dvar': 49.0171966553, 'dvar2': 131.362106323, 'max': 319.895935059, 'mean': 0.60530269146, 'median': -0.200697660446, 'min': -1.87051677704, 'var': 69.7588577271}, 'erbbands_skewness': {'dmean': 0.298987209797, 'dmean2': 0.460200697184, 'dvar': 0.240089848638, 'dvar2': 0.63234347105, 'max': 16.6365261078, 'mean': 0.00528817996383, 'median': -0.0754836052656, 'min': -3.8380010128, 'var': 0.681490898132}, 'erbbands_spread': {'dmean': 6.39464998245, 'dmean2': 9.70244598389, 'dvar': 56.9763832092, 'dvar2': 128.191436768, 'max': 149.868301392, 'mean': 34.7316436768, 'median': 33.2915649414, 'min': 2.57738780975, 'var': 214.375061035}, 'gfcc': {'cov': [[26806.2285156, 819.2421875, -2519.59545898, 752.645935059, -968.228637695, 501.766662598, -572.973632812, 215.588989258, -414.3046875, 60.1035079956, -380.434020996, 39.6452217102, -261.933105469], [819.2421875, 1322.8157959, -422.037689209, -4.08823633194, 84.6313705444, -99.3000183105, 27.7702827454, -56.2399139404, 74.3760986328, -90.349861145, 93.0515441895, -76.3373794556, 95.7124710083], [-2519.59545898, -422.037689209, 885.478881836, -56.282989502, 93.9500198364, -51.5533180237, 40.5611763, 11.5494670868, 13.3623371124, 69.6933898926, 14.4642791748, 68.5813903809, -20.7588596344], [752.645935059, -4.08823633194, -56.282989502, 452.261871338, -52.1963729858, 72.2993469238, 9.47823619843, 20.0435619354, -0.943678677082, -29.1184558868, -10.4828033447, -22.7861995697, 17.4755649567], [-968.228637695, 84.6313705444, 93.9500198364, -52.1963729858, 327.946716309, 40.9539337158, 88.1194229126, 41.4287185669, 35.3906936646, -0.0857131928205, -0.433457672596, -5.93039274216, -1.58525419235], [501.766662598, -99.3000183105, -51.5533180237, 72.2993469238, 40.9539337158, 247.900085449, 70.3974227905, 51.6613807678, -17.3101768494, -8.8492307663, -26.2304134369, -28.8456554413, -28.8393287659], [-572.973632812, 27.7702827454, 40.5611763, 9.47823619843, 88.1194229126, 70.3974227905, 154.572128296, 29.1483516693, 21.7695980072, -6.05652999878, 1.19577074051, -16.362663269, -6.88556861877], [215.588989258, -56.2399139404, 11.5494670868, 20.0435619354, 41.4287185669, 51.6613807678, 29.1483516693, 117.263572693, 18.4464969635, 3.89822077751, -19.6214427948, -2.12025094032, -15.1487874985], [-414.3046875, 74.3760986328, 13.3623371124, -0.943678677082, 35.3906936646, -17.3101768494, 21.7695980072, 18.4464969635, 87.0674362183, 21.8349609375, 15.234536171, -8.44741344452, 11.2147722244], [60.1035079956, -90.349861145, 69.6933898926, -29.1184558868, -0.0857131928205, -8.8492307663, -6.05652999878, 3.89822077751, 21.8349609375, 84.7985687256, 15.3254127502, 17.8579940796, -10.7584571838], [-380.434020996, 93.0515441895, 14.4642791748, -10.4828033447, -0.433457672596, -26.2304134369, 1.19577074051, -19.6214427948, 15.234536171, 15.3254127502, 76.9801177979, 17.9704551697, 21.1293258667], [39.6452217102, -76.3373794556, 68.5813903809, -22.7861995697, -5.93039274216, -28.8456554413, -16.362663269, -2.12025094032, -8.44741344452, 17.8579940796, 17.9704551697, 68.4577713013, 14.8965625763], [-261.933105469, 95.7124710083, -20.7588596344, 17.4755649567, -1.58525419235, -28.8393287659, -6.88556861877, -15.1487874985, 11.2147722244, -10.7584571838, 21.1293258667, 14.8965625763, 69.2664871216]], 'icov': [[0.000127565130242, -0.000261910317931, 0.000285309215542, -0.000194225780433, 0.000247756310273, -0.000258176383795, 0.000322580628563, -0.000269504176686, 0.000482817704324, -0.00067214173032, 0.000772149243858, -0.00083587289555, 0.00061176577583], [-0.000261910317931, 0.00197916966863, 6.39809104541e-06, 0.000471923704026, -0.000997376861051, 0.00116054934915, -0.000864296394866, 0.000793995568529, -0.0016939957859, 0.00253283744678, -0.00330653460696, 0.00323147256859, -0.00231293751858], [0.000285309215542, 6.39809104541e-06, 0.00227494654246, -0.000475180189824, -8.88574140845e-06, 0.000103999380372, 0.000118709816888, -0.000457591871964, 0.000898798694834, -0.00188925839029, 0.00119670818094, -0.00259227957577, 0.00158005103003], [-0.000194225780433, 0.000471923704026, -0.000475180189824, 0.00283576594666, 0.000195183703909, -0.000406294420827, -0.000444673321908, 3.98251504521e-05, -0.00104699481744, 0.00173809449188, -0.0012109085219, 0.00198333966546, -0.00206230417825], [0.000247756310273, -0.000997376861051, -8.88574140845e-06, 0.000195183703909, 0.0046221492812, -0.00105296447873, -0.00104163552169, -0.00137803109828, 5.86240494158e-05, -0.00111785251647, 0.00216857064515, -0.0020303314086, 0.00111764029134], [-0.000258176383795, 0.00116054934915, 0.000103999380372, -0.000406294420827, -0.00105296447873, 0.00677376333624, -0.0031544084195, -0.00124569411855, 0.00108671188354, 0.000955529976636, -0.00184372800868, 0.003649268765, -0.000486035365611], [0.000322580628563, -0.000864296394866, 0.000118709816888, -0.000444673321908, -0.00104163552169, -0.0031544084195, 0.0101050715894, -0.00119221175555, -0.000625073269475, -0.000493115745485, 0.000957714742981, -0.00107907259371, 0.00193301995751], [-0.000269504176686, 0.000793995568529, -0.000457591871964, 3.98251504521e-05, -0.00137803109828, -0.00124569411855, -0.00119221175555, 0.0115986289456, -0.00442712940276, 0.00180243502837, 0.00083153124433, -0.000385283812648, 0.000430432992289], [0.000482817704324, -0.0016939957859, 0.000898798694834, -0.00104699481744, 5.86240494158e-05, 0.00108671188354, -0.000625073269475, -0.00442712940276, 0.0183968730271, -0.0082618361339, 0.00135616562329, 0.000994933419861, -0.000765978475101], [-0.00067214173032, 0.00253283744678, -0.00188925839029, 0.00173809449188, -0.00111785251647, 0.000955529976636, -0.000493115745485, 0.00180243502837, -0.0082618361339, 0.0203304756433, -0.00785484164953, 0.00162102421746, 0.000213952182094], [0.000772149243858, -0.00330653460696, 0.00119670818094, -0.0012109085219, 0.00216857064515, -0.00184372800868, 0.000957714742981, 0.00083153124433, 0.00135616562329, -0.00785484164953, 0.0233115330338, -0.0102717988193, 0.00137051963247], [-0.00083587289555, 0.00323147256859, -0.00259227957577, 0.00198333966546, -0.0020303314086, 0.003649268765, -0.00107907259371, -0.000385283812648, 0.000994933419861, 0.00162102421746, -0.0102717988193, 0.0276933889836, -0.0103537635878], [0.00061176577583, -0.00231293751858, 0.00158005103003, -0.00206230417825, 0.00111764029134, -0.000486035365611, 0.00193301995751, 0.000430432992289, -0.000765978475101, 0.000213952182094, 0.00137051963247, -0.0103537635878, 0.0230156518519]], 'mean': [-10.9282531738, 89.2766342163, -128.716827393, 33.9349021912, -52.2107620239, 15.2472352982, -30.9426784515, 8.07737827301, -17.7385883331, -0.166744142771, -13.2750682831, 0.11554119736, -8.8852853775]}, 'hfc': {'dmean': 7.48647499084, 'dmean2': 11.6196012497, 'dvar': 201.055740356, 'dvar2': 499.743377686, 'max': 184.403213501, 'mean': 20.7957878113, 'median': 15.6529788971, 'min': 1.08395514327e-16, 'var': 357.804748535}, 'melbands': {'dmean': [0.000977028626949, 0.00116894766688, 0.000505933072418, 0.000380890094675, 0.000207989098271, 0.000162335432833, 0.000127344188513, 0.00012432069343, 0.00013483215298, 8.57966806507e-05, 6.83234393364e-05, 7.68558456912e-05, 7.42951306165e-05, 5.79450133955e-05, 4.80423150293e-05, 3.56166710844e-05, 3.59369914804e-05, 3.74570372514e-05, 3.21522311424e-05, 3.14406788675e-05, 2.73583009403e-05, 1.75591558218e-05, 1.47939126691e-05, 1.17633317132e-05, 1.04622858998e-05, 9.23285551835e-06, 6.60969590172e-06, 5.12373935635e-06, 5.83884684602e-06, 5.09592837261e-06, 3.39840903507e-06, 2.86704653263e-06, 2.33979903896e-06, 1.65051687873e-06, 1.15741261197e-06, 9.72329075921e-07, 7.33806245989e-07, 4.85549605855e-07, 3.04852960653e-07, 2.07876794889e-07], 'dmean2': [0.00156627746765, 0.00200034212321, 0.000859123014379, 0.000669504399411, 0.000341048085829, 0.000269528361969, 0.000217647961108, 0.000213013641769, 0.000227955330047, 0.000135948008392, 0.000106404433609, 0.000116090057418, 0.000114135385957, 9.01859602891e-05, 7.4339506682e-05, 5.57774365006e-05, 5.52596902708e-05, 6.01428509981e-05, 5.29069729964e-05, 5.17450171174e-05, 4.46288140665e-05, 2.89285799226e-05, 2.42185506067e-05, 1.96570163098e-05, 1.74426240847e-05, 1.54766694322e-05, 1.09346110548e-05, 8.41316250444e-06, 9.98498217086e-06, 8.74268698681e-06, 5.6184121604e-06, 4.72985675515e-06, 3.71392002307e-06, 2.56913131125e-06, 1.74784020146e-06, 1.46086574659e-06, 1.09676273041e-06, 7.19662864412e-07, 4.54423769725e-07, 3.09927997932e-07], 'dvar': [5.86697797189e-06, 8.87864644028e-06, 1.2266145859e-06, 1.43969327837e-06, 2.38648908635e-07, 1.44003294622e-07, 1.28471640437e-07, 1.19467628679e-07, 1.5600586778e-07, 6.34352446127e-08, 5.00705787942e-08, 8.60487432419e-08, 3.96315833484e-08, 3.50355549017e-08, 1.34405508945e-08, 1.14413856167e-08, 2.18969109511e-08, 1.81804402644e-08, 9.25712040356e-09, 6.65037847014e-09, 4.05129352288e-09, 1.66020130976e-09, 9.61926205356e-10, 5.08114939013e-10, 5.03404429253e-10, 4.63520111182e-10, 2.41959924319e-10, 1.18435275476e-10, 1.62100277645e-10, 1.23896407023e-10, 6.35378624714e-11, 5.5458550946e-11, 3.41921699287e-11, 1.40350508993e-11, 7.02453199775e-12, 4.9109791754e-12, 3.25415345712e-12, 1.69794332674e-12, 7.1328267728e-13, 3.26140102338e-13], 'dvar2': [1.41610762512e-05, 2.34112285398e-05, 3.27064799421e-06, 4.04497177442e-06, 6.47736897008e-07, 3.9402888774e-07, 3.57208534751e-07, 3.38784786891e-07, 4.21214679136e-07, 1.51779303792e-07, 1.16527246519e-07, 2.0249750321e-07, 7.68351853253e-08, 8.04688369271e-08, 2.87289196876e-08, 2.46054572273e-08, 4.31700719616e-08, 4.29783213463e-08, 2.31181918053e-08, 1.5706019596e-08, 9.79044489924e-09, 4.09764089326e-09, 2.29962360265e-09, 1.29649591063e-09, 1.29690713724e-09, 1.20187060304e-09, 5.82494830148e-10, 2.99218594346e-10, 4.30931401674e-10, 3.38762962127e-10, 1.68018765567e-10, 1.47281339902e-10, 8.4133817968e-11, 3.38114640452e-11, 1.55158368792e-11, 1.0709531352e-11, 7.48946911433e-12, 3.63300882433e-12, 1.5125654635e-12, 7.57181264303e-13], 'max': [0.0277870446444, 0.0377793647349, 0.0139150219038, 0.0124668702483, 0.00960689596832, 0.00615642685443, 0.00703962659463, 0.00546251609921, 0.0090806055814, 0.00762999989092, 0.00743161188439, 0.0171195454895, 0.0074968226254, 0.00654372060671, 0.00477309897542, 0.00490216026083, 0.0071498285979, 0.00534387025982, 0.0034833685495, 0.00200202525593, 0.00163429591339, 0.0012711356394, 0.000930739799514, 0.000457431131508, 0.000556666462217, 0.000786469259765, 0.000480197020806, 0.000203731135116, 0.000307213194901, 0.000182599353138, 0.00011543011351, 0.000165317978826, 0.000205594449653, 8.92269308679e-05, 8.13973310869e-05, 6.17124023847e-05, 6.28913330729e-05, 5.54386351723e-05, 3.2462143281e-05, 2.40915342147e-05], 'mean': [0.00124312494881, 0.00148591632023, 0.000677873147652, 0.000444894685643, 0.000370506342733, 0.00027293083258, 0.000197748333449, 0.00018715535407, 0.000190692415345, 0.000152811364387, 0.000115370217827, 0.000133469060529, 0.000136826842208, 9.79290634859e-05, 8.47361880005e-05, 5.60591470276e-05, 5.64035763091e-05, 5.72789504076e-05, 4.87367142341e-05, 4.84033298562e-05, 4.49763319921e-05, 2.9310982427e-05, 2.4007022148e-05, 1.74004180735e-05, 1.656006134e-05, 1.48086674017e-05, 1.06482657429e-05, 8.35792434373e-06, 7.89292516856e-06, 7.17435023034e-06, 5.26525491296e-06, 4.31318949268e-06, 3.79754214919e-06, 2.98126769849e-06, 2.23200368055e-06, 1.94427866518e-06, 1.48102958519e-06, 9.57502493293e-07, 6.00415773988e-07, 3.96228273303e-07], 'median': [0.000420027121436, 0.000682742276695, 0.000319799553836, 0.000200202077394, 0.000154161316459, 0.000111126719275, 8.73431272339e-05, 9.72650013864e-05, 8.04027731647e-05, 8.22370420792e-05, 6.26329419902e-05, 5.59159961995e-05, 6.80830999045e-05, 5.00239912071e-05, 4.52775057056e-05, 2.64752852672e-05, 2.45790342888e-05, 3.01547843264e-05, 2.80396197923e-05, 2.72707547992e-05, 2.65332200797e-05, 1.79291328095e-05, 1.3676341041e-05, 9.83973950497e-06, 9.39802612265e-06, 8.43425186758e-06, 4.92738990943e-06, 3.87642603528e-06, 3.07878531203e-06, 2.50456878348e-06, 1.79196217687e-06, 1.22675396597e-06, 1.17848446735e-06, 9.184720966e-07, 6.61589638185e-07, 5.69038490994e-07, 4.44557770152e-07, 3.12240786116e-07, 2.07159501997e-07, 1.49154402607e-07], 'min': [1.20097801376e-24, 1.49731765572e-24, 9.22710189061e-25, 6.30301835424e-25, 8.8953760192e-25, 8.28970735162e-25, 1.82614870342e-24, 1.91021425743e-24, 1.19483544971e-24, 1.79408347978e-24, 1.98730904205e-24, 1.77424323358e-24, 2.51600598732e-24, 1.77829304825e-24, 2.6371767973e-24, 2.97615348371e-24, 2.25712767342e-24, 2.64664667803e-24, 2.30762226553e-24, 2.23538153927e-24, 2.50051768952e-24, 2.66016144306e-24, 3.71234392123e-24, 3.85605268449e-24, 4.12949869551e-24, 4.12846292114e-24, 4.05887276752e-24, 5.5543325572e-24, 3.71889343889e-24, 3.87641239559e-24, 4.19447716827e-24, 5.05169208207e-24, 5.0220435338e-24, 5.64197263719e-24, 5.50305778165e-24, 4.02341070882e-24, 4.62036660492e-24, 5.456255453e-24, 5.64810603072e-24, 6.58384692004e-24], 'var': [6.06551293458e-06, 7.67195160734e-06, 1.1362837995e-06, 9.90121066025e-07, 3.49880025396e-07, 2.05218455562e-07, 1.27566735841e-07, 1.0560918895e-07, 1.8339824237e-07, 9.98237226213e-08, 7.87579566008e-08, 1.87678409702e-07, 1.25869604517e-07, 6.12888513274e-08, 2.59420627202e-08, 1.86606179398e-08, 4.06299456301e-08, 2.29099033078e-08, 1.03524913087e-08, 9.46658307299e-09, 6.67259003606e-09, 2.49554754639e-09, 1.75751790898e-09, 6.57803922444e-10, 6.65700050639e-10, 5.53285417482e-10, 3.57275931062e-10, 1.66174685123e-10, 1.75569697669e-10, 1.43246123296e-10, 8.45171987951e-11, 6.75544620243e-11, 5.18509714331e-11, 2.85050767712e-11, 1.75078354592e-11, 1.36260464717e-11, 8.40954215986e-12, 3.64388250476e-12, 1.5003684059e-12, 5.88999064365e-13]}, 'melbands_crest': {'dmean': 2.85050463676, 'dmean2': 4.58329629898, 'dvar': 8.0421257019, 'dvar2': 20.1803302765, 'max': 40, 'mean': 12.0783758163, 'median': 11.4376497269, 'min': 1.6396613121, 'var': 22.3025302887}, 'melbands_flatness_db': {'dmean': 0.0226494688541, 'dmean2': 0.0335756391287, 'dvar': 0.000738680013455, 'dvar2': 0.00178079493344, 'max': 1, 'mean': 0.16031704843, 'median': 0.153404816985, 'min': 0.00344856153242, 'var': 0.0042047384195}, 'melbands_kurtosis': {'dmean': 12247197, 'dmean2': 24423612, 'dvar': 282538994729000000, 'dvar2': 755465231035000000, 'max': 25116801024, 'mean': 13958173, 'median': 3.34727549553, 'min': -1.69041323662, 'var': 332795094254000000}, 'melbands_skewness': {'dmean': 50.8399581909, 'dmean2': 100.747741699, 'dvar': 4824191, 'dvar2': 12863755, 'max': 101568.007812, 'mean': 60.3502960205, 'median': 1.75302815437, 'min': -2.50972223282, 'var': 5749467}, 'melbands_spread': {'dmean': 7.42973804474, 'dmean2': 11.3026361465, 'dvar': 66.4066390991, 'dvar2': 144.364501953, 'max': 193.076263428, 'mean': 33.5892562866, 'median': 30.2987155914, 'min': 1.19863523551e-08, 'var': 419.55758667}, 'mfcc': {'cov': [[10145.0537109, 339.391326904, -494.154602051, 173.1434021, -52.3343887329, 237.557098389, 40.1474952698, 162.015975952, 67.5196990967, 57.2629089355, -43.726764679, -2.47560310364, 26.4435253143], [339.391326904, 1360.73742676, -279.943328857, 21.7945995331, 61.7667236328, -48.8467330933, -13.6959848404, -8.06310653687, -5.58039808273, 4.72017669678, 5.74750804901, 8.58663749695, 2.44246053696], [-494.154602051, -279.943328857, 544.33605957, 75.9275131226, -16.0553436279, -5.39964818954, -12.7052326202, -27.8206577301, -29.9898147583, -15.0005807877, 1.63009643555, 21.0915393829, -7.31679725647], [173.1434021, 21.7945995331, 75.9275131226, 293.461273193, 34.3145065308, 12.3466386795, -10.2563486099, 6.51469421387, 13.6879434586, -13.0607681274, -5.71209955215, 13.3885374069, 5.95707941055], [-52.3343887329, 61.7667236328, -16.0553436279, 34.3145065308, 168.286697388, 23.0478305817, 32.4458694458, 30.9197349548, 34.5357093811, 7.15603351593, 12.1224565506, 12.5295438766, 9.06104850769], [237.557098389, -48.8467330933, -5.39964818954, 12.3466386795, 23.0478305817, 150.062561035, 68.0590896606, 37.3171882629, 26.2080936432, 24.5655536652, 9.96492481232, -1.95290863514, 10.398270607], [40.1474952698, -13.6959848404, -12.7052326202, -10.2563486099, 32.4458694458, 68.0590896606, 135.05267334, 68.9233856201, 36.1438102722, 15.4286432266, 13.9237508774, 8.38922214508, 8.98630905151], [162.015975952, -8.06310653687, -27.8206577301, 6.51469421387, 30.9197349548, 37.3171882629, 68.9233856201, 116.533905029, 57.3166160583, 10.9966392517, 5.85754299164, 12.0107097626, 12.5214691162], [67.5196990967, -5.58039808273, -29.9898147583, 13.6879434586, 34.5357093811, 26.2080936432, 36.1438102722, 57.3166160583, 101.022880554, 32.9595146179, 10.3059015274, 4.74723339081, 11.1253948212], [57.2629089355, 4.72017669678, -15.0005807877, -13.0607681274, 7.15603351593, 24.5655536652, 15.4286432266, 10.9966392517, 32.9595146179, 77.2758331299, 28.7710571289, -0.433460533619, 4.35370779037], [-43.726764679, 5.74750804901, 1.63009643555, -5.71209955215, 12.1224565506, 9.96492481232, 13.9237508774, 5.85754299164, 10.3059015274, 28.7710571289, 59.9290275574, 18.5271816254, 3.9670920372], [-2.47560310364, 8.58663749695, 21.0915393829, 13.3885374069, 12.5295438766, -1.95290863514, 8.38922214508, 12.0107097626, 4.74723339081, -0.433460533619, 18.5271816254, 58.116355896, 15.4082250595], [26.4435253143, 2.44246053696, -7.31679725647, 5.95707941055, 9.06104850769, 10.398270607, 8.98630905151, 12.5214691162, 11.1253948212, 4.35370779037, 3.9670920372, 15.4082250595, 51.9011802673]], 'icov': [[0.000114270740596, -1.63824934134e-05, 0.000105428764073, -8.91848176252e-05, 9.26619613892e-05, -0.000207460121601, 0.000129199688672, -0.000191448183614, 7.10899694241e-05, -0.000101826663013, 0.000135492649861, -7.18223091098e-05, 2.11234582821e-05], [-1.63824934134e-05, 0.000871052558068, 0.000474442145787, -0.000171780178789, -0.000334711861797, 0.000378665048629, -9.2589725682e-05, 0.000135557740577, 0.000260861270363, -0.000182523741387, -2.18650893657e-06, -0.000226078365813, 4.65317316412e-05], [0.000105428764073, 0.000474442145787, 0.00237139477395, -0.000727580103558, 0.000127422477817, -5.68195537198e-05, -9.70401597442e-05, 0.000290894531645, 0.000628362235148, -0.000131040724227, 0.000123604157125, -0.00104646431282, 0.000455056055216], [-8.91848176252e-05, -0.000171780178789, -0.000727580103558, 0.00391936954111, -0.000746655045077, -0.000545216200408, 0.000835318351164, 1.2642080037e-05, -0.000905134133063, 0.000962918158621, 0.000268391420832, -0.000563289795537, -0.000147035054397], [9.26619613892e-05, -0.000334711861797, 0.000127422477817, -0.000746655045077, 0.00701460754499, -0.000559287378564, -0.000785750045907, -0.000339180027368, -0.00179866387043, 0.000688492611516, -0.000882718770299, -0.000674792332575, -0.000226894742809], [-0.000207460121601, 0.000378665048629, -5.68195537198e-05, -0.000545216200408, -0.000559287378564, 0.00970982201397, -0.00461408123374, 0.000189251673874, 0.000188227320905, -0.00207824097015, -9.75861621555e-05, 0.00148745870683, -0.00125215901062], [0.000129199688672, -9.2589725682e-05, -9.70401597442e-05, 0.000835318351164, -0.000785750045907, -0.00461408123374, 0.0132978986949, -0.00647960184142, 0.000191851577256, 0.00026655010879, -0.00141887145583, -0.000344686384778, 0.000298678292893], [-0.000191448183614, 0.000135557740577, 0.000290894531645, 1.2642080037e-05, -0.000339180027368, 0.000189251673874, -0.00647960184142, 0.0164123196155, -0.00724869547412, 0.00197626417503, 0.000725529622287, -0.00193144811783, -0.000779677182436], [7.10899694241e-05, 0.000260861270363, 0.000628362235148, -0.000905134133063, -0.00179866387043, 0.000188227320905, 0.000191851577256, -0.00724869547412, 0.0169234145433, -0.00658017303795, 0.00114727136679, 0.000308968388708, -0.00111924507655], [-0.000101826663013, -0.000182523741387, -0.000131040724227, 0.000962918158621, 0.000688492611516, -0.00207824097015, 0.00026655010879, 0.00197626417503, -0.00658017303795, 0.0197277534753, -0.00922990683466, 0.00300262845121, -0.000725552556105], [0.000135492649861, -2.18650893657e-06, 0.000123604157125, 0.000268391420832, -0.000882718770299, -9.75861621555e-05, -0.00141887145583, 0.000725529622287, 0.00114727136679, -0.00922990683466, 0.0238739196211, -0.00795768015087, 0.00122792902403], [-7.18223091098e-05, -0.000226078365813, -0.00104646431282, -0.000563289795537, -0.000674792332575, 0.00148745870683, -0.000344686384778, -0.00193144811783, 0.000308968388708, 0.00300262845121, -0.00795768015087, 0.0225402396172, -0.00609170366079], [2.11234582821e-05, 4.65317316412e-05, 0.000455056055216, -0.000147035054397, -0.000226894742809, -0.00125215901062, 0.000298678292893, -0.000779677182436, -0.00111924507655, -0.000725552556105, 0.00122792902403, -0.00609170366079, 0.0217777322978]], 'mean': [-636.475463867, 114.695747375, -13.0085573196, 21.2937335968, 2.1021900177, 7.7922334671, -0.485708475113, 7.62561321259, 0.93621301651, 3.21995186806, -2.58199906349, 2.12642478943, 0.549842298031]}, 'pitch_salience': {'dmean': 0.0625692978501, 'dmean2': 0.10102403909, 'dvar': 0.00375371100381, 'dvar2': 0.00946128275245, 'max': 0.907245516777, 'mean': 0.60382604599, 'median': 0.612218618393, 'min': 1.6427542505e-05, 'var': 0.0107527133077}, 'silence_rate_20dB': {'dmean': 0, 'dmean2': 0, 'dvar': 0, 'dvar2': 0, 'max': 1, 'mean': 1, 'median': 1, 'min': 1, 'var': 0}, 'silence_rate_30dB': {'dmean': 0.00217518606223, 'dmean2': 0.00435073627159, 'dvar': 0.00217008637264, 'dvar2': 0.00617157574743, 'max': 1, 'mean': 0.998745203018, 'median': 1, 'min': 0, 'var': 0.00125334772747}, 'silence_rate_60dB': {'dmean': 0.00451769446954, 'dmean2': 0.00903614424169, 'dvar': 0.00449750758708, 'dvar2': 0.010126859881, 'max': 1, 'mean': 0.052200101316, 'median': 0, 'min': 0, 'var': 0.0494739450514}, 'spectral_centroid': {'dmean': 226.036621094, 'dmean2': 349.082702637, 'dvar': 71265.53125, 'dvar2': 166998.78125, 'max': 11968.5097656, 'mean': 1778.19824219, 'median': 1644.06054688, 'min': 272.02532959, 'var': 1422531}, 'spectral_complexity': {'dmean': 4.39638566971, 'dmean2': 6.74163341522, 'dvar': 25.7105426788, 'dvar2': 53.935256958, 'max': 63, 'mean': 24.8332767487, 'median': 25, 'min': 0, 'var': 129.198059082}, 'spectral_contrast_coeffs': {'dmean': [0.0475276075304, 0.0413593649864, 0.03541790694, 0.0294051654637, 0.0218760538846, 0.0222429614514], 'dmean2': [0.0784474760294, 0.0672530904412, 0.056822411716, 0.0475498437881, 0.035190615803, 0.0357143841684], 'dvar': [0.0021286723204, 0.00129618798383, 0.000927758985199, 0.000653755734675, 0.000379667064408, 0.000626676948741], 'dvar2': [0.00561843393371, 0.00346139166504, 0.00225056475028, 0.00155911326874, 0.000898771337233, 0.00157625111751], 'max': [-0.355436682701, -0.479725539684, -0.434484481812, -0.460481256247, -0.559312522411, -0.587833404541], 'mean': [-0.668769657612, -0.757176160812, -0.780392706394, -0.786931991577, -0.791578054428, -0.746471822262], 'median': [-0.674294114113, -0.76081687212, -0.787038624287, -0.793103694916, -0.793563961983, -0.743335723877], 'min': [-0.977938294411, -0.999209582806, -0.997808754444, -0.99489569664, -0.98908996582, -0.965763151646], 'var': [0.00711994618177, 0.00556333875284, 0.00448562530801, 0.00350033701397, 0.00213361158967, 0.00256077200174]}, 'spectral_contrast_valleys': {'dmean': [0.360896587372, 0.362555682659, 0.309483170509, 0.284898906946, 0.287192881107, 0.34683200717], 'dmean2': [0.579608559608, 0.591467916965, 0.496383517981, 0.452634096146, 0.435354590416, 0.44135415554], 'dvar': [0.148623332381, 0.200313284993, 0.133454963565, 0.131519854069, 0.174943879247, 0.20799793303], 'dvar2': [0.314661711454, 0.499639302492, 0.305002838373, 0.291880488396, 0.386540293694, 0.41455796361], 'max': [-5.22124290466, -4.02523946762, -5.1031293869, -5.27808427811, -5.3018746376, -7.90519142151], 'mean': [-7.56384754181, -6.93536567688, -7.30067682266, -7.59988355637, -7.56182765961, -10.4234371185], 'median': [-7.18271446228, -6.56980705261, -6.80396652222, -7.07008743286, -7.15684223175, -10.0635490417], 'min': [-28.3791027069, -28.3623142242, -27.7823314667, -27.7038536072, -27.5552158356, -27.4385471344], 'var': [6.22679853439, 6.48581600189, 6.40140581131, 6.2856760025, 6.25949716568, 5.06561040878]}, 'spectral_decrease': {'dmean': 2.584244152e-09, 'dmean2': 4.1466243772e-09, 'dvar': 2.22166882072e-17, 'dvar2': 5.53631256063e-17, 'max': 2.10894914107e-28, 'mean': -5.54549961507e-09, 'median': -4.12576106612e-09, 'min': -4.944423182e-08, 'var': 2.6604163364e-17}, 'spectral_energy': {'dmean': 0.0103241149336, 'dmean2': 0.0165203865618, 'dvar': 0.000350491580321, 'dvar2': 0.000876100559253, 'max': 0.191708818078, 'mean': 0.022816227749, 'median': 0.0172119922936, 'min': 1.0060600356e-20, 'var': 0.000428430328611}, 'spectral_energyband_high': {'dmean': 0.000464288750663, 'dmean2': 0.000704811536707, 'dvar': 9.2387051609e-07, 'dvar2': 2.27982968681e-06, 'max': 0.0159838162363, 'mean': 0.000937991891988, 'median': 0.000389919412555, 'min': 7.04310525818e-21, 'var': 1.83540794296e-06}, 'spectral_energyband_low': {'dmean': 0.00575568713248, 'dmean2': 0.00920281838626, 'dvar': 0.000196156674065, 'dvar2': 0.000469964026706, 'max': 0.166211560369, 'mean': 0.00819231756032, 'median': 0.0036289030686, 'min': 2.07819299697e-23, 'var': 0.00020800481434}, 'spectral_energyband_middle_high': {'dmean': 0.00232692155987, 'dmean2': 0.0035781415645, 'dvar': 1.84676136996e-05, 'dvar2': 3.98950651288e-05, 'max': 0.11608427763, 'mean': 0.00660040136427, 'median': 0.00488072540611, 'min': 1.05735361444e-21, 'var': 5.55681872356e-05}, 'spectral_energyband_middle_low': {'dmean': 0.00404268596321, 'dmean2': 0.00685346126556, 'dvar': 9.28113659029e-05, 'dvar2': 0.000256076426012, 'max': 0.106537126005, 'mean': 0.00791412312537, 'median': 0.00576578918844, 'min': 1.37122289035e-22, 'var': 8.03922666819e-05}, 'spectral_entropy': {'dmean': 0.122740134597, 'dmean2': 0.175255030394, 'dvar': 0.0243646111339, 'dvar2': 0.0485341586173, 'max': 9.82661533356, 'mean': 7.77014112473, 'median': 7.80745697021, 'min': 5.05217504501, 'var': 0.203312143683}, 'spectral_flux': {'dmean': 0.0272702276707, 'dmean2': 0.0420471951365, 'dvar': 0.00158417888451, 'dvar2': 0.00322789000347, 'max': 0.396707653999, 'mean': 0.0792036876082, 'median': 0.061427809298, 'min': 6.34149607825e-11, 'var': 0.00317073659971}, 'spectral_kurtosis': {'dmean': 1.54548311234, 'dmean2': 2.61603713036, 'dvar': 5.66039562225, 'dvar2': 14.4260463715, 'max': 63.7314529419, 'mean': 4.42061281204, 'median': 3.7374162674, 'min': -1.26010346413, 'var': 12.4660310745}, 'spectral_rms': {'dmean': 0.000860219995957, 'dmean2': 0.00132457574364, 'dvar': 1.72278907939e-06, 'dvar2': 4.10035227105e-06, 'max': 0.013676000759, 'mean': 0.00432217027992, 'median': 0.00409782724455, 'min': 3.13292512592e-12, 'var': 3.57852218258e-06}, 'spectral_rolloff': {'dmean': 460.157958984, 'dmean2': 719.055480957, 'dvar': 428941.53125, 'dvar2': 866503.8125, 'max': 19789.0136719, 'mean': 2102.82958984, 'median': 1765.72265625, 'min': 21.533203125, 'var': 4862201.5}, 'spectral_skewness': {'dmean': 0.214248195291, 'dmean2': 0.354009211063, 'dvar': 0.0705517977476, 'dvar2': 0.176010370255, 'max': 6.64802932739, 'mean': 1.42529284954, 'median': 1.37662625313, 'min': -0.0924294218421, 'var': 0.273765832186}, 'spectral_spread': {'dmean': 491022.59375, 'dmean2': 706070.6875, 'dvar': 1222387695620.0, 'dvar2': 2923210473470.0, 'max': 48852012, 'mean': 4556142, 'median': 4010716.5, '